
$orca_hessian_file

$act_atom
  0

$act_coord
  0

$act_energy
        0.000000

$hessian
9
                    0                  1                  2                  3                  4        
    0      5.4623370797E-01  -7.3800191750E-02   4.2075606299E-02  -4.1609118020E-01   1.2440924699E-01
    1     -7.3800191750E-02   1.4451699050E-01  -2.9368525248E-01   1.5510115220E-01  -6.2228403462E-02
    2      4.2075606299E-02  -2.9368525248E-01   6.1968021053E-01  -2.4371587745E-01   1.0678254339E-01
    3     -4.1609118020E-01   1.5510115220E-01  -2.4371587745E-01   4.0077943922E-01  -1.4469266055E-01
    4      1.2440924699E-01  -6.2228403462E-02   1.0678254339E-01  -1.4469266055E-01   6.8272264286E-02
    5     -1.7802907442E-01   1.0027640851E-01  -1.7688543445E-01   2.2469972178E-01  -1.1539992614E-01
    6     -1.3014025998E-01  -8.1312326786E-02   2.0164297451E-01   1.5311657182E-02   2.0292964532E-02
    7     -5.0624768677E-02  -8.2288901470E-02   1.8688577156E-01  -1.0397441705E-02  -6.0450112551E-03
    8      1.3596696342E-01   1.9339404868E-01  -4.4279056678E-01   1.9005635302E-02   8.6305288052E-03
                    5                  6                  7                  8        
     0     -1.7802907442E-01  -1.3014025998E-01  -5.0624768677E-02   1.3596696342E-01
     1      1.0027640851E-01  -8.1312326786E-02  -8.2288901470E-02   1.9339404868E-01
     2     -1.7688543445E-01   2.0164297451E-01   1.8688577156E-01  -4.4279056678E-01
     3      2.2469972178E-01   1.5311657182E-02  -1.0397441705E-02   1.9005635302E-02
     4     -1.1539992614E-01   2.0292964532E-02  -6.0450112551E-03   8.6305288052E-03
     5      1.9938024786E-01  -4.6679656594E-02   1.5137864225E-02  -2.2499616606E-02
     6     -4.6679656594E-02   1.1482641880E-01   6.1024025746E-02  -1.5496629284E-01
     7      1.5137864225E-02   6.1024025746E-02   8.8335377590E-02  -2.0202198656E-01
     8     -2.2499616606E-02  -1.5496629284E-01  -2.0202198656E-01   4.6529077728E-01

$vibrational_frequencies
9
    0        0.000000
    1        0.000000
    2        0.000000
    3        0.000000
    4        0.000000
    5        0.000000
    6     1826.280845
    7     4055.939848
    8     4174.051703

$normal_modes
9 9
                    0                  1                  2                  3                  4        
    0      0.0000000000E+00   0.0000000000E+00   0.0000000000E+00   0.0000000000E+00   0.0000000000E+00
    1      0.0000000000E+00   0.0000000000E+00   0.0000000000E+00   0.0000000000E+00   0.0000000000E+00
    2      0.0000000000E+00   0.0000000000E+00   0.0000000000E+00   0.0000000000E+00   0.0000000000E+00
    3      0.0000000000E+00   0.0000000000E+00   0.0000000000E+00   0.0000000000E+00   0.0000000000E+00
    4      0.0000000000E+00   0.0000000000E+00   0.0000000000E+00   0.0000000000E+00   0.0000000000E+00
    5      0.0000000000E+00   0.0000000000E+00   0.0000000000E+00   0.0000000000E+00   0.0000000000E+00
    6      0.0000000000E+00   0.0000000000E+00   0.0000000000E+00   0.0000000000E+00   0.0000000000E+00
    7      0.0000000000E+00   0.0000000000E+00   0.0000000000E+00   0.0000000000E+00   0.0000000000E+00
    8      0.0000000000E+00   0.0000000000E+00   0.0000000000E+00   0.0000000000E+00   0.0000000000E+00
                    5                  6                  7                  8        
     0      0.0000000000E+00   6.7316157181E-02  -4.7662760804E-02  -2.0382056733E-02
     1      0.0000000000E+00   3.1781803351E-03  -2.2277929727E-03   3.0343143566E-02
     2      0.0000000000E+00  -2.1084723423E-02   1.4880747711E-02  -6.0621748220E-02
     3      0.0000000000E+00  -4.1067672637E-01   5.4706029873E-01   5.6820609794E-01
     4      0.0000000000E+00  -2.0881756727E-01  -2.3275165001E-01  -2.2142320196E-01
     5      0.0000000000E+00   5.3408229625E-01   3.8211155562E-01   3.5337785909E-01
     6      0.0000000000E+00  -6.5776692317E-01   2.0944417559E-01  -2.4470160819E-01
     7      0.0000000000E+00   1.5837341332E-01   2.6811123312E-01  -2.6018389518E-01
     8      0.0000000000E+00  -1.9942506406E-01  -6.1829913759E-01   6.0881197203E-01

#
# The atoms: label  mass x y z (in bohrs)
#
$atoms
3
 O     15.99900     -5.596063068856     3.804643596207    -0.247151625417
 H      1.00800     -4.152547743732     3.242073042576     0.650703551024
 H      1.00800     -4.975209257121     4.464663489566    -1.791574668234

$actual_temperature
  0.000000

$frequency_scale_factor
  1.000000

$dipole_derivatives
9
   -4.8013388220E-01   -1.7895387613E-02   -2.8776363788E-02
   -1.7878511587E-02   -7.4822615080E-01   -9.8726659213E-02
   -2.8772262845E-02   -9.8775522990E-02   -5.7867557390E-01
    1.9668094463E-01    4.8082244477E-02   -6.0130441855E-02
    3.2490599652E-02    3.7707934890E-01    3.8012742765E-02
   -2.6650433352E-02    3.4603956365E-02    3.2964810494E-01
    2.8355260196E-01   -3.0119504654E-02    8.8815596077E-02
   -1.4547224937E-02    3.7107408928E-01    6.0865534679E-02
    5.5432098214E-02    6.4192336389E-02    2.4893885394E-01

#
# The IR spectrum
#  wavenumber T**2 TX TY  TY
#
$ir_spectrum
9
      0.00       0.0000       0.0000       0.0000       0.0000
      0.00       0.0000       0.0000       0.0000       0.0000
      0.00       0.0000       0.0000       0.0000       0.0000
      0.00       0.0000       0.0000       0.0000       0.0000
      0.00       0.0000       0.0000       0.0000       0.0000
      0.00       0.0000       0.0000       0.0000       0.0000
   1826.28     110.1273     -10.0051      -0.4719       3.1309
   4055.94      18.3009       4.0786       0.1924      -1.2764
   4174.05      59.7227       2.2284      -3.3119       6.6173


$end

