
$orca_opt_file

$trust
    0.300000000000

$epredict
    0.000000000000

$ediffsc
  1000.000000000000

$ctyp
  3

$coordinates
 3 9
  -6.17893585   5.64784937  -1.44950624  12.09883905   2.84669301   2.44702443
  -4.63417132   6.33168194  -2.40075323
  -6.15366039   5.66425644  -1.47232932  12.11537035   2.84373177   2.45114365
  -4.67597809   6.31823612  -2.38204937
  -6.15390287   5.66361001  -1.47143010  12.11539687   2.84367884   2.45121728
  -4.67576214   6.31893548  -2.38302222

$constraints
 1
  18.89726134


# redundant internal coordinates
#  nbonds nangles ndihedrals nimpropers ncartesians
# bond  definitions A B
# angle definitions A B C
# dihedral definitions A B C D
# improper torsion definitions A B C D
# cartesian definitions A x/y/z
$redundant_internals
 3 3 0 0 0
   1   0   1
   2   0   0
   2   1   0
   1   0   2   0   0
   0   1   2   0   0
   0   2   1   0   0
$energies
 3
 -75.1396844263773573
 -75.1411942769820627
 -75.1411949674129716

$gradients
 3 9
  -0.0291154215765737  -0.0120255800271590   0.0167282149557916   0.0013569554580645
  -0.0002029306565212   0.0002822853601992   0.0277584661177417   0.0122285106828823
  -0.0170105003158544
  -0.0008115301527760   0.0005089208348269  -0.0007079336147289   0.0013563188931310
  -0.0002043000883823   0.0002841903093114  -0.0005447887401779  -0.0003046207488057
   0.0004237433049525
  -0.0014894815203688   0.0002096541868521  -0.0002916379987057   0.0013563557896494
  -0.0002042597963790   0.0002841342610745   0.0001331257324177  -0.0000053943927022
   0.0000075037365488

$redundant_coords
 3 6
  18.8972612703587579   1.9387612733734603  17.7662526192073678   0.9056087981539188
   0.0859663504615587   2.1500175049743180
  18.8972612811816703   1.8544069043655089  17.8151990626142620   0.9073089967778122
   0.0821004442209081   2.1521832125910727
  18.8972613713351514   1.8561658461577435  17.8154511948740506   0.9080939148069067
   0.0822278387950967   2.1512708999877894

$redundant_gradients
 3 6
  -0.0000000000000000   0.0300229666248289  -0.0079367263306570   0.0052368972283252
   0.0017270619624480  -0.0069639591907733
  -0.0000000000000000  -0.0006677337925493   0.0001288253013402  -0.0001534995705788
  -0.0000400978834618   0.0001935974540406
   0.0000000000000000   0.0000614665201464  -0.0000728013898960  -0.0000251859427463
   0.0000014459456120   0.0000237399971343

$hessian_approx
 9 9
                  0          1          2          3          4          5    
      0     1293.500517 -198.754556 276.476256 -1294.224498 198.338030 -275.896852
      1     -198.754556  30.649269 -42.634472 199.053967 -30.504980  42.433758
      2     276.476256 -42.634472  59.306411 -276.892752  42.433759 -59.027209
      3     -1294.224498 199.053967 -276.892752 1295.330990 -198.511240 276.137795
      4     198.338030 -30.504980  42.433759 -198.511240  30.422295 -42.318740
      5     -275.896852  42.433758 -59.027209 276.137795 -42.318740  58.867214
      6       0.723982  -0.299411   0.416495  -1.106493   0.173211  -0.240943
      7       0.416524  -0.144290   0.200712  -0.542725   0.082684  -0.115018
      8      -0.579405   0.200713  -0.279201   0.754957  -0.115018   0.159995
                   6          7          8    
      0       0.723982   0.416524  -0.579405
      1      -0.299411  -0.144290   0.200713
      2       0.416495   0.200712  -0.279201
      3      -1.106493  -0.542725   0.754957
      4       0.173211   0.082684  -0.115018
      5      -0.240943  -0.115018   0.159995
      6       0.382512   0.126201  -0.175552
      7       0.126201   0.061604  -0.085696
      8      -0.175552  -0.085696   0.119207

$bmatrix
 6 9
                  0          1          2          3          4          5    
      0      -0.966770   0.149224  -0.207578   0.966770  -0.149224   0.207578
      1      -0.796341  -0.353053   0.491116   0.000000   0.000000   0.000000
      2       0.000000   0.000000   0.000000   0.942505  -0.195070   0.271351
      3       0.339387  -0.220563   0.306813  -0.013528  -0.029862   0.041540
      4      -0.013528  -0.029862   0.041540  -0.005230  -0.001018   0.001417
      5      -0.325859   0.250425  -0.348353   0.018758   0.030880  -0.042956
                   6          7          8    
      0       0.000000   0.000000   0.000000
      1       0.796341   0.353053  -0.491116
      2      -0.942505   0.195070  -0.271351
      3      -0.325859   0.250425  -0.348353
      4       0.018758   0.030880  -0.042956
      5       0.307100  -0.281305   0.391309

